16.544983000000002
15.67504800000006
-80.8549210000001
-66.50494500000013
-61.48492500000009
-53.43396000000007
-42.863952000000154
-43.55395500000009
-20.414001999999982
-13.773987000000034
-0.943909000000076
3.8560789999999088
5.336119999999937
12.356139999999982
12.488158999999996
14.178160999999932
20.928160999999932
23.11816299999998
31.04815599999995
52.04009899999983
63.74011199999984
62.9601439999999
64.2901609999999
83.6301269999999
91.47015299999998
93.05016999999998
93.05016999999998
97.420165
98.12017700000001
98.76013
110.04711799999995
114.28716899999995
119.70721299999991
122.11718699999983
132.47717199999988
142.95715299999983
144.22717299999977
167.93719399999964
168.73718099999974
172.37719599999969
175.04723999999965
184.2172839999996
187.18737599999963
200.92736699999955
215.1173699999997
227.2873529999997
262.23541199999954
268.1254259999996
270.6754139999996
274.65539399999943
284.45037599999955
293.81939399999965
300.27935499999967
306.1093109999997
330.4893159999997
335.3992889999997
350.43926699999975
359.6492269999999
367.0592609999999
372.02428699999996
370.9843099999996
370.77428799999984
374.9042929999998
381.88427299999967
389.9042929999996
417.6043659999996
421.31835399999954
423.5483339999996
457.1383609999998
463.83831199999986
