16.544983000000002
10.355101000000104
-332.6746869999997
-318.32471099999975
-302.10077099999944
-291.5307629999995
-292.22076599999946
-269.0808129999991
-262.4407979999992
-249.61071999999922
-246.60071099999914
-232.59070099999917
-243.8366729999991
-236.0566439999984
-201.8887369999984
-202.87872599999832
-141.18872199999805
-124.71862899999815
-120.45861899999818
-95.42858899999828
-81.8425289999982
-72.83263999999826
-67.59258899999827
-71.4426259999982
-67.07263099999818
-65.11260899999797
-74.172668999998
-55.058714999998074
-49.63867099999811
-46.71868799999811
-36.35870299999806
24.961244000001898
65.11132800000223
108.47137300000259
109.62133600000266
124.26135100000283
128.8513780000028
127.16137400000298
149.20129000000316
150.99132900000313
151.80138800000304
155.79137900000296
172.98144300000286
362.5516370000032
387.5966210000033
390.59265400000345
492.9527640000042
497.7527510000043
507.1217690000044
516.1616860000045
521.9916420000045
699.9915190000047
709.2014790000048
725.081545000005
727.6665680000051
732.6965360000049
741.4064960000051
766.0665310000049
804.4766260000047
808.1906140000046
841.7806410000048
853.4605730000048
