16.544983000000002
15.67504800000006
-327.35473999999977
-313.0047639999998
-306.88183799999933
-296.3118299999994
-297.00183299999935
-273.861879999999
-267.22186499999907
-254.3917869999991
-240.38177699999915
-251.62774899999908
-243.84771999999884
-209.67981299999883
-210.66980199999875
-167.65979099999868
-151.18969799999877
-146.9296879999988
-121.89965799999891
-108.31359799999882
-103.07354699999883
-106.92358399999875
-102.55358899999874
-100.59356699999853
-109.65362699999855
-90.53967299999863
-85.11962899999867
-74.75964399999862
-13.439696999998887
4.640380000001187
48.00042500000154
52.00042500000154
56.590452000001505
78.63036800000145
79.44042700000136
83.43041800000128
90.96044800000118
280.5306420000006
305.57562600000074
308.57165900000086
410.9317690000016
415.7317560000017
425.1007740000018
434.1406910000019
439.9706470000019
617.9705240000021
627.1804840000023
634.5905180000022
633.5505410000021
633.3405190000024
640.3204990000022
664.9805340000021
703.3906290000018
707.1046170000018
740.694644000002
