16.544983000000002
15.67504800000006
-279.85473999999886
-265.5047639999989
-253.84479099999885
-245.79382599999883
-235.22381799999891
-235.91382099999896
-212.77386799999863
-206.13385299999868
-193.30377499999872
-186.28375499999868
-186.15173599999866
-185.62170699999865
-164.62976399999866
-165.61975299999858
-158.76971699999854
-141.4497089999984
-124.97961599999871
-120.71960599999875
-98.81958099999883
-90.97955499999875
-85.73950399999876
-89.58954099999869
-88.88952899999867
-88.24957599999868
-76.96258799999873
-71.54254399999877
-69.13256999999885
-58.7725849999988
-20.452637999998842
-17.012574999998833
6.697446000001037
11.382444000000987
12.192503000000897
21.36254700000086
34.73266300000114
64.71270600000116
89.75769000000128
192.1178000000018
196.09778000000188
205.46679800000175
214.5067150000018
220.33667100000184
352.0665900000022
361.2765500000023
368.6865840000023
367.6466070000022
367.4365850000024
374.41656500000227
382.4365850000022
420.8466800000019
422.6536860000019
456.2437130000021
