16.544983000000002
10.355101000000104
-332.6746869999997
-318.32471099999975
-302.10077099999944
-291.5307629999995
-292.22076599999946
-269.0808129999991
-262.4407979999992
-249.61071999999922
-246.60071099999914
-232.59070099999917
-243.8366729999991
-236.0566439999984
-201.8887369999984
-202.87872599999832
-141.18872199999805
-124.71862899999815
-120.45861899999818
-95.42858899999828
-81.8425289999982
-72.83263999999826
-67.59258899999827
-71.4426259999982
-67.07263099999818
-65.11260899999797
-74.172668999998
-55.058714999998074
-49.63867099999811
-46.71868799999811
-29.728697999998076
31.59124900000188
71.74133300000221
115.10137800000257
116.25134100000264
130.89135600000282
135.48138300000278
133.79137900000296
155.83129500000314
157.62133400000312
158.43139300000303
162.42138400000294
179.61144800000284
369.1816420000023
394.2266260000024
397.2226590000025
499.5827690000033
504.3827560000034
513.7517740000035
522.7916910000035
528.6216470000036
706.6215240000038
715.8314840000039
731.7115500000041
734.2965730000042
739.326541000004
748.0365010000041
772.696536000004
835.1166410000037
838.8306290000037
872.4206560000039
878.7506120000039
890.4305440000039
