12.179992999999968
73.46997099999999
69.81005800000003
84.160034
100.38397400000031
110.95398200000022
111.72400100000027
134.86395400000083
135.00396900000078
136.60394500000075
150.61395500000071
159.4139420000006
180.40588500000058
183.08587800000055
199.25592100000063
200.13592500000073
216.6060180000004
217.9360350000004
237.2760010000004
245.11602700000049
246.69604400000048
242.84600700000055
244.80602900000076
245.44598200000087
264.5599360000008
268.1899410000008
271.1099240000008
281.4699090000008
342.78985600000124
351.1898190000013
356.37988200000154
380.0899030000014
384.6799300000014
389.3649280000013
390.17498700000124
399.3450310000012
412.71514700000125
442.6951900000015
467.7401740000014
471.40319900000145
573.7633090000018
578.5632960000019
587.932314000002
596.972231000002
716.1322020000016
725.3421620000017
741.2222280000019
743.4022820000018
748.4322500000017
755.4122300000017
763.4322500000017
766.5722640000017
770.2862520000017
803.8762790000019
