16.544983000000002
15.67504800000006
76.96502600000031
73.30511300000035
87.65508900000032
93.77801500000078
104.3480230000007
103.65802000000076
126.7979730000011
133.43798800000104
135.037964000001
149.04797400000098
137.80200200000104
159.08196900000075
193.24987600000077
195.92986900000074
202.77990500000078
203.65990900000088
220.1300020000008
221.46001900000078
243.3600440000007
243.99004900000068
247.05206100000078
251.38207800000077
253.72204400000078
255.6820660000012
246.6220060000012
248.01202000000126
267.1259740000012
272.54601800000114
282.9060030000012
342.56597700000066
346.56597800000054
389.9260230000009
394.51605000000086
395.326109000001
399.3161000000009
404.0261220000009
407.78613200000086
421.1562480000007
451.13629100000094
476.1812750000008
578.5413850000014
583.3413720000015
591.4113790000013
600.7803970000014
609.8203140000014
615.6502700000015
793.6501470000012
802.8601070000013
810.2701410000013
812.8551640000014
812.6451420000014
821.3551020000014
846.0151370000012
849.1551510000013
850.9621570000013
877.7120970000012
