6.67999199999997
12.77996799999994
74.06994600000007
70.41003300000011
84.76000900000008
101.36993400000006
111.93994199999997
113.15997300000004
136.29992600000014
142.29992600000014
144.6499020000001
158.65991200000008
159.04992600000014
166.87994300000014
188.1599100000003
240.29998600000044
271.33001300000114
287.80010600000105
294.90008100000114
296.23009800000114
321.2601280000008
321.8901330000008
324.62011300000086
320.7700760000009
327.1700400000009
318.10998000000086
337.2239340000008
348.3839070000008
352.0139120000008
524.1238990000002
541.9938950000001
585.3539400000004
589.3539400000004
593.9439670000004
594.6040010000004
604.693968
605.504027
625.6541119999997
639.0242279999998
669.004271
694.0492549999999
697.045288
799.4053980000008
804.4954250000008
813.8644430000008
817.9644180000008
819.9843770000009
823.3943510000008
942.5543220000009
957.1542350000004
973.0343010000006
984.1243890000005
989.1543570000003
997.8643170000005
1022.5243520000004
1040.534361
1042.341367
1061.121396
1067.451352
1073.331357
1086.33331
