-6.189882000000125
55.10009600000012
110.7601900000002
125.11016600000016
131.2330920000004
141.8031000000003
141.11309700000038
164.2530500000007
170.89306500000066
183.72314300000062
197.73315300000058
186.48718100000065
194.2672100000009
225.97729600000093
287.667300000001
304.1373930000009
311.23736800000097
315.49737800000094
340.52740800000083
354.1134680000009
363.12335700000085
368.36340800000085
364.5133710000009
368.88336600000093
370.84338800000114
361.7833280000011
380.89728200000104
386.317326000001
389.237309000001
406.22729900000104
467.547246000001
507.6973300000009
551.0573750000012
552.2073380000013
566.847353000001
571.437380000001
572.097414000001
594.1373300000009
594.9473890000008
598.9373800000008
616.1274440000007
805.6976380000006
830.7426220000007
833.7386550000008
936.0987650000015
940.8987520000017
950.2677700000017
959.3076870000018
965.1376430000018
1143.137520000002
1152.3474800000022
1168.2275460000023
1170.8125690000024
1175.8425370000023
1184.5524970000024
1209.2125320000023
1271.632637000002
1275.346625000002
1308.9366520000021
1315.2666080000022
1321.1466130000022
