16.544983000000002
10.355101000000104
71.64507900000035
127.30517300000042
141.6551490000004
147.77807500000108
158.348083000001
157.65808000000106
180.7980330000014
187.43804800000134
200.2681260000013
201.74816700000133
215.7581770000013
204.51220500000136
212.29223400000183
246.46014100000184
245.47015200000192
307.16015600000173
323.63024900000164
327.8902590000016
352.9202890000015
366.5063490000016
375.0563370000016
376.8162860000016
382.0563370000016
378.20630000000165
382.57629500000166
384.5363170000019
375.47625700000185
394.5902110000018
400.01025500000173
402.93023800000174
413.2902230000018
474.61017000000174
514.7602540000025
538.4702750000024
539.6202380000025
547.2602530000022
551.8502800000022
550.1602760000026
572.2001920000025
573.0102510000024
577.0002420000023
584.5302720000022
774.1004660000026
799.1454500000027
802.1414830000028
904.5015930000036
909.3015800000037
918.6705980000038
927.7105150000039
933.5404710000039
1111.540348000004
1120.7503080000042
1136.6303740000044
1139.2153970000045
1144.2453650000043
1152.9553250000044
1177.6153600000043
1216.025455000004
1219.739443000004
1253.3294700000042
1265.0094020000042
